4193
3570
3771
1935
8579
2375
8088
1338
6279
6336
1314
6831
9623
9635
5162
6410
460
7135
5955
2498
2101
4574
7967
7193
4713
6101
9968
3349
5342
6512
1388
9216
8775
9513
2376
8244
5961
1228
9980
1087
7699
8368
4950
2254
85
7862
8868
4010
9473
6626
6305
2443
9611
7793
1
8539
2067
774
9677
2612
4127
1164
4407
8580
5480
3831
152
7331
2253
3980
4272
6649
9884
6565
3268
3208
7065
972
5400
8226
4633
1365
6054
6371
7818
5402
5403
3757
1291
2795
3764
7925
5918
4027
3809
8374
4949
1697
6368
5352
5748
2551
7966
4120
4613
5795
1327
8497
43
5664
6589
1764
9067
3516
178
973
2232
6846
1640
5045
7822
5719
2188
292
2472
6010
1024
1902
8094
4353
7056
8420
6121
914
199
6163
6008
316
9548
4689
7077
1729
5753
9715
215
5381
2504
6303
9200
5458
3422
9086
4541
7828
7861
8943
3972
2626
7614
6641
3341
28
6643
833
9433
2003
9932
6642
4577
8917
2959
9578
6338
2055
8209
153
8123
5779
9347
2913
3069
999
5161
3417
1066
9990
829
7148
7496
504
3579
7696
6500
8146
8732
4555
8046
9871
2664
5320
6822
7162
277
7798
5662
8727
8992
2212
3796
367
6851
6661
3221
4342
5794
4973
654
3853
2111
2404
6962
8710
2667
9828
6071
8611
8638
5130
6704
6313
9335
9163
9612
3979
9035
8695
1737
6761
5064
9798
7724
7329
8140
6353
33
2439
4707
5665
604
2616
1370
8752
5556
3644
8275
1842
94
5900
1016
5244
303
7310
1610
6953
9302
180
2743
1100
3549
7256
856
9597
7153
2844
6559
5495
3292
3506
5143
545
3129
3497
8575
9422
3716
8217
3976
1924
9410
7850
958
5051
1626
8760
1543
8318
6467
6712
6535
8222
5362
2564
69
6245
3712
8182
161
6193
7919
6189
6960
1095
6429
1151
4989
6706
8827
5407
6590
2581
625
3857
1254
7865
5807
3287
599
2789
1474
8151
8126
6883
23
8059
1308
1815
7969
1540
4409
2255
1491
1669
5638
6475
1185
9520
1070
1988
5951
8176
3702
4912
1594
3143
9650
9748
5688
6716
9689
4259
5345
4616
8769
9386
5056
2829
1949
825
2843
6944
7224
5266
8903
3692
2652
6870
752
2243
6974
1530
6652
2771
6136
4028
5983
8398
6229
6499
1590
9910
1578
3404
2143
5187
6886
1557
1796
8346
6331
7521
6520
2354
1283
9155
7664
3347
672
150
5095
9987
6888
2651
7061
329
357
160
4083
7962
9647
5749
2396
8567
1683
4564
3637
373
2571
5797
8384
4045
3750
7838
823
3067
4186
8906
537
4836
6409
783
5931
4148
6572
7228
7985
1674
8355
1378
7213
8592
5647
6366
6304
5292
90
7258
6464
7257
7491
6405
2686
723
5369
9196
3498
4796
6063
9880
1200
2236
6665
3236
326
3820
8191
5531
4048
5869
6839
2966
6383
3282
7946
4661
7988
9159
6356
7368
3580
7102
9795
4622
6894
5024
9756
8673
4310
7926
4087
3257
